1193
661
914
3408
2355
1197
2804
595
938
2918
2797
2321
720
1270
2340
48
1721
1545
2294
1566
1907
1022
2762
150
1962
2692
1028
1029
1207
2028
531
3114
608
1357
647
2194
648
1103
3468
1210
1687
1213
3105
434
2126
3107
3108
3035
1253
3071
902
368
1259
3147
1544
1188
3255
3257
110
1834
3471
589
2852
982
1873
515
442
265
1408
1084
1801
1372
2353
3334
2427
590
1196
736
593
2359
95
2571
1917
2396
3735
1953
1597
1954
235
1124
1957
163
165
1090
380
2501
920
1527
1385
3095
2728
2002
1784
2943
1968
3678
1244
1245
1246
1247
1641
104
2735
1431
3868
2997
1291
653
2167
1580
1049
1261
552
480
1266
733
1198
1379
3552
2470
3168
1961
3671
2871
2115
2081
1214
1036
260
3702
2366
3527
1201
2947
1240
2987
2333
1175
39
1392
2268
1466
1683
866
1684
1759
501
3578
1250
3793
41
3799
581
1617
728
1909
224
3728
229
6
3006
2858
1046
50
52
377
1268
3083
2428
1912
1485
2717
2289
2070
3163
2437
2291
1635
1279
2721
2723
1923
2580
3744
896
1788
318
176
1429
2159
3176
1719
2806
321
2013
3100
2952
1500
2959
1722
1650
1653
1729
3476
2890
3113
16
194
551
1517
1089
913
1730
1449
1734
3267
3624
1594
412
2759
994
1884
1885
272
24
3051
2323
1093
1095
1529
3418
2188
497
1747
2908
353
1243
1171
357
714
1101
1688
364
3501
3072
3074
1043
383
3524
1569
2006
2802
3536
3753
2017
3685
3610
1296
838
1007
17
3699
912
199
1806
2100
1959
1380
34
1997
457
1573
1221
349
3425
1682
2916
508
3213
3500
296
3148
2702
2278
1476
2490
1693
151
1
4
1621
1265
58
2712
1840
1916
1488
161
1059
527
741
1639
2297
3386
465
393
73
3246
105
3250
476
3256
111
3186
14
266
2314
269
555
3260
3481
2686
2688
2320
2324
562
2329
2541
1678
1027
2699
282
36
367
47
3298
805
3510
300
1777
162
524
3301
3160
529
1704
1060
3751
2599
2302
1148
3253
1584
1223
3623
778
1669
3916
1233
1307
1310
428
2622
2628
3359
2124
2125
2054
1254
3869
1257
1831
586
587
3296
223
2496
2497
2
7
2133
3948
2136
2137
2138
1409
2067
1339
1269
3447
597
2077
2078
743
1278
745
3451
3525
2657
316
248
2080
2087
1287
3608
2662
253
180
329
3034
2161
2090
3039
2091
830
2093
1292
1293
2096
2746
1009
1947
333
2316
2174
1374
1375
1377
919
3629
1016
1019
3489
344
275
2252
277
923
924
3701
780
3703
1023
1025
1967
32
356
2336
3066
2193
932
1394
1030
1104
1032
1035
292
943
3723
370
2423
2424
3087
953
954
2791
1125
520
3668
1127
2795
2431
62
1633
2436
3097
3099
3812
2000
963
2001
1203
1204
3675
898
899
1135
1136
539
3247
3174
2378
971
2011
2012
1215
2018
1073
3688
541
542
543
1079
3252
3254
2453
2529
3259
3189
116
1220
1225
2967
2968
1088
2530
3264
2398
2399
2105
1304
2033
2108
1234
1097
2617
3347
203
1676
208
2040
2041
3928
2045
2046
2047
216
2706
2639
2710
3448
249
1288
3396
3101
764
1441
2325
784
2907
2766
3499
2335
1461
435
1546
2282
454
1701
2507
1563
1498
3249
3178
3182
85
88
1080
481
1732
2539
1665
2109
1673
3362
813
3897
858
3265
1303
999
2616
1690
153
1331
2135
1262
592
2641
1356
3036
1370
1446
2822
3494
421
1610
1479
1129
60
459
2005
3745
2370
1587
3269
3417
3354
1263
2572
2731
3033
1982
3081
2976
3421
2485
141
2058
2707
2567
2640
2719
231
1271
748
2724
2581
1783
1422
2598
832
2676
2826
2763
788
3566
2764
2694
1892
1396
2840
3717
3646
2272
2273
1487
1702
2506
2433
70
1645
3755
2882
2387
1586
2961
553
628
3261
2605
1804
1805
2391
2394
3773
1810
1672
2555
2701
2713
3516
2643
3016
2720
2805
2828
2683
2770
2975
1179
2553
2554
3932
3863
1185
3879
3375
1779
164
2140
1343
1274
1921
247
750
1284
1358
2660
2661
2663
2668
3032
2173
198
340
3700
2901
3704
30
2407
503
293
3070
1614
942
3658
1624
1200
2009
3175
610
1077
2526
2527
2528
2600
1301
2613
2542
496
1748
2116
2985
2123
2993
1186
3438
3439
222
158
3877
2139
3440
594
2718
1918
302
232
1411
2143
1344
3889
1275
3526
313
2153
1282
2085
327
1367
3479
405
1876
262
2248
1378
1013
1882
2253
783
3635
1960
3639
2402
2404
1606
44
2414
2348
940
2422
1126
1562
1499
969
2872
2948
1064
1711
466
1643
2373
2375
2951
2014
2019
616
546
2450
475
1654
2384
2021
2893
3698
485
1591
3911
2042
1242
1321
2991
1327
1258
2633
588
2638
1407
1334
2064
596
2646
2647
2574
1772
2648
2649
1345
1277
2653
1350
2160
2094
330
1371
842
2687
3633
785
2761
3638
1608
2782
2789
3082
1552
2860
2790
3596
2296
2004
76
2376
2888
3325
2393
3273
1694
1468
585
3000
2800
3053
3268
3774
3358
1754
145
2134
663
2716
230
2141
671
818
3450
678
312
3388
3020
173
1425
3896
3535
256
185
3037
2163
1438
833
10
2249
771
849
1883
3052
2189
1020
786
429
3208
288
2338
2265
1391
2195
500
1034
799
3210
2416
1625
3661
1991
2794
3300
65
2374
473
474
81
112
3835
1222
2395
708
1248
1249
3420
1252
3503
3505
1189
1845
3952
2149
3521
2722
674
2726
317
319
3104
187
904
3474
11
2311
2241
3044
911
915
3551
3556
21
2322
348
3708
2409
2912
2410
45
3809
1994
2502
1206
2511
1212
1218
1219
2454
2455
3763
1227
556
2390
3266
125
3770
3920
2117
2118
2119
3786
3424
3361
2132
802
2144
2734
2301
261
2245
2757
1958
3129
3707
2836
425
2406
1535
2915
372
1057
2023
1674
3798
2709
737
1920
1387
2693
3156
3422
3423
719
217
2053
2059
2700
3506
1833
5
303
160
236
237
2146
1347
315
2154
2082
1285
3614
1298
765
337
2312
2313
267
195
2243
2247
1376
1015
413
1888
276
3056
1381
2259
2906
3130
3206
3063
38
1463
1390
2266
1393
2269
1100
432
2779
361
2411
2412
3219
2418
3584
511
441
517
445
2420
3152
2352
378
2429
1556
3591
450
381
1703
3308
3098
2003
2942
605
1713
1640
3173
1644
2447
2950
2953
3686
540
3689
471
472
118
3690
550
3263
487
2463
94
122
2106
3846
1092
491
2473
499
207
135
1180
2066
1276
3469
3030
908
910
916
922
926
930
947
3593
1217
2973
901
906
3548
334
846
1956
25
1537
2020
1302
1230
2989
2550
3370
1785
3102
1799
3062
3726
3654
2363
3740
2949
3836
3769
1085
3405
2534
1176
3943
1922
3554
1041
879
3155
1657
3363
2208
3022
1281
1937
3397
905
2747
3040
921
3200
933
934
3640
946
2922
2780
440
951
2935
961
1663
3341
2111
3429
28
3079
3159
1208
3821
1680
1183
3504
3507
3364
2637
154
2206
1267
2644
1272
1283
3461
2739
2303
1294
1295
907
1299
2817
2674
1945
3110
3111
2176
2178
1012
1955
345
2183
2186
3498
3203
1464
931
3576
2344
949
3727
3587
2288
952
3733
2932
2867
2941
1130
2944
1061
3676
538
3244
2010
3681
3683
2459
3693
1086
2467
1300
3844
1235
1094
1096
3340
565
3271
2983
2145
3387
837
1895
2261
2413
3088
2792
3597
455
2432
2369
2379
2380
1735
2469
2478
3785
1251
3508
2708
3365
1835
800
2065
803
1264
3512
2575
1419
2732
3467
2300
2238
2239
3473
3549
1946
1949
3567
1964
2331
3061
3068
863
3649
945
3091
3320
1078
3831
2966
1081
2969
1733
123
1231
1162
2474
3852
3788
1827
1320
1191
233
246
178
1297
2671
196
3480
2250
852
1603
2334
3712
2774
3142
449
1480
3827
2883
1147
2540
1172
3286
3864
3399
252
339
1457
1976
1977
215
1353
13
2171
779
342
1894
46
64
2442
490
3005
2772
3157
3752
86
2202
3441
2088
688
2669
2816
2748
1017
2287
897
2524
3406
3412
3927
1033
1658
3937
3519
172
2664
1518
1373
3555
2403
2408
3153
3802
880
66
2015
3758
1590
3780
2986
3004
2371
3011
3466
3398
2846
1983
1984
891
968
107
3251
2460
2462
2107
494
2471
2043
1821
2629
140
144
218
2491
2492
3
2205
3873
3874
1914
2150
1286
3462
2738
186
3612
3540
909
1948
1875
1453
3705
1966
355
287
2339
1398
937
2849
509
2415
3076
371
447
2426
2356
1632
2292
2443
469
3684
2884
3258
1226
1083
489
2468
1593
2037
633
492
566
1677
3280
3939
1969
1102
1970
1971
1973
1975
1979
1980
1981
1985
1986
3677
575
2050
2990
1256
1405
599
2152
1359
2089
829
903
1526
1459
2401
2405
3243
2531
2532
991
2546
1911
234
1927
1792
1797
2815
1005
336
15
19
3483
2827
350
423
280
360
2921
2926
2857
513
516
518
374
376
2863
453
1205
2946
1091
569
3926
1554
159
3452
1952
1054
3741
89
1600
3409
3509
2007
1337
2500
3553
3484
3861
886
1589
996
3274
1047
3697
493
3930
2120
1184
580
1190
3018
1342
2148
1280
2162
2165
1290
1365
694
697
2315
1513
1522
2264
1609
1611
2346
1619
3078
1627
1483
950
3092
893
100
3179
1726
2389
2606
1660
3198
126
3342
3270
1816
3285
148
1760
1836
2642
1913
309
2725
3605
3464
1861
322
184
259
3477
190
18
3620
1950
3557
341
22
427
3571
1037
431
2781
2787
519
55
1051
521
522
382
3747
532
1211
2956
617
3764
3918
2034
2038
561
2112
2114
3049
3217
2788
3672
3019
514
3794
3797
1199
2310
3820
3694
2057
1333
2076
2184
3060
2364
2365
2456
3404
2533
2615
2807
1862
29
379
3660
1120
3663
3664
392
3826
611
2025
1224
2891
3923
650
3871
2147
1421
928
3134
959
3307
976
978
3185
3350
3545
2670
1951
2919
3655
3808
3816
615
1228
3910
1237
1241
113
986
1042
762
3316
3190
3615
3617
3564
3789
1177
2130
1401
806
2069
664
2212
1414
2079
3109
1432
1363
1366
2177
782
1395
2341
3145
1541
1477
1620
955
956
2435
3317
974
2457
3197
3414
3430
3435
2729
3602
1931
254
182
3543
3478
2820
2755
410
418
3634
437
3738
2939
2940
2870
1082
630
1099
1173
640
3007
3115
2318
2337
1717
2560
166
2672
2678
2881
1416
2913
2236
2421
2803
1919
637
3167
973
1939
2690
2439
1699
1794
26
40
2995
43
2979
3124
8
9
836
692
2196
861
2448
990
3444
168
240
1858
1004
2796
3767
3768
704
869
2357
1066
577
2052
801
673
2092
3054
1460
1551
2354
1489
885
1495
1592
2559
1848
239
1018
502
2899
558
700
2036
631
711
3946
3513
3710
536
2155
918
205
2499
156
3600
3606
417
1024
1031
298
2971
2873
2024
1588
1178
1260
1348
965
3194
2924
3730
69
718
3662
451
2519
2861
941
3949
3324
3859
754
3118
1582
54
609
826
438
390
3067
2927
2060
1437
2190
3141
2582
257
281
294
63
2880
2027
2073
1238
3882
810
2083
2084
900
1615
1623
2430
3238
2566
3511
3515
2714
169
3453
3454
3534
3616
1881
2771
362
3743
2874
3825
486
2102
3776
2978
709
667
839
1599
2476
204
1752
1681
2808
2818
1349
2377
3837
3917
1542
1727
534
3870
2204
1340
3204
936
3093
3196
1596
2612
3284
2565
3384
1929
1934
1936
1938
1940
1944
2904
3724
2936
2937
1069
1824
3594
3901
1161
3936
420
71
3841
3791
3872
851
1755
2841
3580
2877
3754
2549
1021
533
2285
998
1515
2210
960
1661
1942
2819
2917
3811
1167
3929
3938
3913
3925
3028
2098
1731
1860
477
2203
2182
3706
3883
3895
3400
3287
506
3908
2392
157
3537
2121
2122
1322
1326
1328
724
3941
3942
3013
3017
3024
3029
2097
2515
2517
2461
3360
2634
2635
1762
2645
2652
2736
2665
324
251
328
332
407
12
3491
3565
1978
3659
1987
1992
1993
1995
1996
1999
2026
3840
3843
3921
2113
1616
1707
1689
241
3538
2876
3783
2327
3919
3792
3014
1352
2242
2260
2262
2263
2267
875
3169
2367
1715
101
2381
2383
3403
3330
1807
3426
2551
1841
3529
2741
2745
2749
415
1887
273
1890
3497
373
2866
387
2875
603
78
544
3849
707
3125
1415
1879
1063
3865
1605
3150
2284
290
3857
3784
3132
3311
1404
1472
1662
2561
42
1053
384
467
3366
2654
1855
2879
645
649
668
1354
824
1509
766
781
3201
1649
2609
3416
211
175
2677
2696
2697
2929
3746
535
97
3064
3211
3436
2573
3579
798
3618
20
512
464
2181
2361
3094
1856
242
3395
351
1974
1111
2998
2360
213
206
3539
3627
3766
929
1941
3801
927
3135
3292
3371
1924
3604
3550
3814
461
3760
2110
3853
1194
760
3089
1667
170
2142
2240
1445
870
944
3248
1750
2558
3431
3432
3433
3434
2494
2498
3528
3385
3394
181
258
1008
408
338
2752
419
365
3585
460
468
548
2048
3893
1289
1516
3055
787
3077
2280
3328
117
3192
2611
3272
3275
2621
306
320
2594
326
2812
2744
3625
346
2769
3718
507
1112
2856
446
1123
456
3906
482
2972
3855
3858
1192
759
314
171
279
426
3787
3860
3103
1612
3225
1629
3302
2518
987
2482
1767
3299
1896
35
3749
72
74
3823
1216
1306
1236
638
2279
1753
325
274
3884
3415
3470
3742
1273
2255
2349
2295
3199
209
1965
2851
2977
564
1812
3713
1998
2068
670
1361
2330
3357
307
2682
363
3819
602
83
2022
2104
3390
809
742
695
2170
1456
1388
1465
1497
2516
1744
2548
2625
3355
1902
152
1769
1866
2596
2597
1869
3709
2835
1897
366
1119
479
2898
2974
3782
1255
1355
3520
2666
2667
3015
2072
831
1613
2368
3401
3546
3673
804
201
2231
948
876
3327
3329
1930
1932
1933
1935
1943
1963
3736
1169
659
669
3010
3951
1413
3885
680
3038
2180
854
3069
3075
2351
3235
3241
2512
2440
970
3188
2544
2488
1910
2579
308
3456
3547
3475
2824
2689
1889
2905
3568
3720
1050
2864
3598
1068
3822
3680
3682
3756
3903
99
3915
2970
1232
3127
1454
2271
3281
3041
3391
3393
3715
3144
1010
225
1132
2750
31
1323
2520
2475
3449
2552
571
1187
2071
685
2168
1397
1547
1482
2504
2434
1725
1728
3262
2610
1811
2711
301
2590
2679
271
3711
369
448
57
523
613
2963
621
193
3886
2169
761
1399
1475
1647
1739
2614
132
2570
358
436
391
2894
2276
3096
1648
137
2583
2829
2920
1311
717
3950
1502
2305
2232
767
2328
1474
2505
3090
3181
1655
3331
2602
2607
1741
2624
3502
1900
2630
1844
3459
1859
3532
3392
1867
1795
255
188
2768
2938
1058
525
80
3902
92
1305
632
2099
2372
1011
2166
1604
2445
3326
227
27
424
3162
1874
2865
1389
2525
1746
2651
1854
174
177
1880
414
430
433
3729
79
2889
93
1473
1642
147
2589
3945
2307
3165
892
3653
3834
498
3947
3230
149
1771
2568
504
2785
2999
1410
3031
3046
2587
2809
574
2051
2151
2306
3042
3043
3120
3073
2345
3086
3161
102
984
131
1839
2659
1857
3622
2685
3496
289
3725
444
3804
3731
2798
627
2031
2032
639
1484
2928
3824
1076
1756
3619
570
665
848
1471
877
2425
3187
1585
1664
3457
263
3716
1114
549
1150
2964
483
2062
835
3050
2569
3563
3851
2075
2730
3544
735
811
3221
958
3245
128
2008
3679
3830
2897
3854
1503
3146
250
1423
844
3215
3714
3222
2988
1329
1346
3048
3139
2451
2650
2655
3628
2902
3643
3807
3590
3599
3771
1533
2385
2844
2965
3667
1870
2751
3577
505
537
1863
2848
2458
1598
2900
352
3761
3177
1646
3933
3021
841
3058
3351
2656
2740
2903
3572
3573
2784
3838
2095
155
3569
882
3345
1972
2793
1128
2886
3839
2417
77
3214
3119
3346
2545
1743
1695
3514
3490
3651
2855
1044
1989
2868
2878
82
3696
1313
935
1002
2704
3372
2585
2472
3674
747
1439
840
867
1550
3309
2362
2513
2382
1679
1822
3531
23
3669
2799
3692
1362
1332
3045
2514
2464
3224
3310
3781
2925
2219
2996
808
3121
2256
726
3106
1507
2237
691
1442
2419
2446
2521
2386
119
3289
1686
305
278
388
3810
3813
463
635
1317
722
1428
3047
1384
3338
3343
2035
3112
1525
3239
1490
3240
243
612
2029
488
3008
3898
1511
2175
3128
2281
2293
3318
1651
3183
997
2620
3518
1791
422
299
75
2885
3133
1209
1153
291
49
606
416
3909
939
3922
124
1067
3180
583
1508
2347
2290
1564
1659
2479
210
228
3389
1003
2767
354
458
547
478
2103
710
725
662
3276
1825
881
3626
807
2055
3487
2896
1906
96
1406
2063
2483
1798
2673
3817
1149
3934
3935
1341
2465
2754
3637
3732
746
1152
3374
528
106
1809
1904
1758
828
2837
214
1496
626
1450
2859
3739
2157
3293
1014
3912
3924
1417
2535
1666
2618
3445
1538
2016
2400
3428
2847
3691
2128
2326
1382
2737
3721
68
2044
2982
2275
1837
619
1581
347
1131
1720
1440
578
3410
411
658
3806
2911
3892
964
2477
2862
3122
3143
191
2481
1202
406
2342
1656
343
1601
1312
1000
331
212
2286
470
656
56
462
1602
3304
3795
3931
3648
1893
716
1539
2388
2810
37
715
268
2830
2487
3900
2056
1447
1670
3805
1330
1501
103
3765
1062
2834
917
988
200
2801
270
1595
2733
61
87
1899
3737
3875
2743
731
1626
3344
2201
2227
1817
3442
3613
2179
3379
2753
2786
1055
705
1336
3914
2658
3611
3878
1570
3759
1583
402
3137
576
2631
1163
1558
1565
1543
114
3562
2627
3588
1427
2164
179
2495
2869
3866
3891
3894
1026
3695
1105
2522
2695
3463
1170
1383
2842
753
3223
1567
136
3378
3940
1458
2466
993
2536
386
554
2200
1988
2086
850
3581
545
1412
2486
1117
614
2577
167
1040
385
409
510
495
202
238
2681
860
2397
2715
2756
3575
295
3833
3306
2207
1113
2509
3184
304
2778
1523
3367
3117
244
2626
2304
2914
2061
3665
1780
2185
2187
1864
2843
3138
2215
1455
1493
2675
1793
3026
2156
2251
3790
3880
2298
2586
2853
1668
3495
1151
1514
1561
3319
359
2945
310
1006
925
121
2537
1901
2578
3523
3002
3427
443
452
2049
1168
2158
3777
2332
2593
3734
3944
2691
1853
2538
1814
2191
2992
792
3218
2493
3800
2981
600
821
129
1056
3645
3001
1426
2773
681
2934
957
814
146
3368
2994
2074
744
751
2246
2283
1154
1160
1325
652
687
2197
3149
3171
1574
1782
335
33
3574
2775
59
389
397
1071
2962
1087
559
702
568
3845
888
3446
1631
1671
84
3482
3126
3333
2727
1324
1174
1898
108
2758
3209
1696
2129
3796
3867
1519
2960
1098
1846
2131
1351
1572
1038
3027
2636
3847
1990
3757
3772
3012
2257
3632
3140
1575
3492
375
394
1925
1926
3437
3586
563
730
758
2234
2441
1829
245
264
2825
3636
2850
1116
672
682
698
847
862
1549
2503
895
2557
2760
90
567
3116
618
484
2172
1928
2705
1335
2854
3719
220
183
3003
2814
2823
3488
972
641
1796
3848
793
3657
3850
1504
2923
1436
1622
1675
1865
2576
3542
2765
2776
192
3862
2127
887
2831
2358
1692
962
3465
3339
3205
967
3642
3644
2350
2209
3131
2813
2892
1315
864
1571
219
3305
1121
1486
1138
3380
3775
769
3419
3888
2523
189
1826
1877
3722
2101
2563
729
3904
992
1548
1891
1878
1872
666
696
2933
2984
2221
2449
3322
703
297
3887
3559
197
1181
3158
573
579
734
2233
789
796
3212
3216
2277
3220
977
1852
401
3621
2821
1115
1118
1142
3687
644
3876
660
3899
1510
859
3166
3312
3321
1764
2584
2742
98
3778
3283
2839
884
2632
3085
3832
3402
3349
1685
2192
2562
1749
1528
2591
3595
2254
283
2299
1520
2452
775
3282
1369
1531
3313
526
1420
3641
684
3666
3592
3670
3522
3295
1164
1534
3377
1107
560
1494
3458
755
2211
1815
1444
2444
3353
3352
3570
1770
398
989
823
3288
2783
1849
1532
966
3232
874
3154
1886
3486
657
2510
3890
120
2039
749
3818
642
3335
3297
732
2930
1144
139
2955
834
706
655
790
1915
1903
1714
2244
1850
1871
3314
2833
3533
3207
3905
815
2931
1830
3881
2777
3652
776
1787
2895
3803
598
2317
1470
981
1652
2608
53
3373
3242
872
3381
1555
3303
3779
3609
1430
1724
2223
3233
3025
3237
3762
985
3172
3631
3136
1851
3842
2213
975
572
3443
311
1905
757
67
2623
1433
3236
396
868
3828
1718
3413
1316
2811
980
3603
584
607
3517
2214
763
3229
820
827
3337
138
530
1070
843
1364
1134
3123
3228
133
557
3290
1709
3315
1832
439
756
134
1139
2480
1842
2309
2218
2308
3748
624
1434
404
791
2543
853
3656
2438
127
1843
286
2887
3530
2198
2703
2258
2845
690
582
1868
3472
